Geneid	baseMean	log2FoldChange	lfcSE	stat	pvalue	padj
FeatureCounts/Chesnais_CaMVvsMock_WTvsWT.DESeq2_CaMV_vs_Mock_in_WT.tsv:AT2G14610	27821.336653281	3.27057743619461	0.160381200288701	20.3925237515823	1.94831710318014e-92	1.14617444319979e-89
FeatureCounts/Chesnais_TuYVvsMock_WTvsWT.DESeq2_TuYV_vs_Mock_in_WT.tsv:AT2G14610	6906.01817211028	0.790251495296241	0.195214868718382	4.04811119401085	5.16326172768849e-05	0.00166228119789859
FeatureCounts/Clavel_TYMVvsMock_WTvsWT.DESeq2_TYMV_vs_Mock_in_WT.tsv:AT2G14610	274.023136735594	1.96565156061133	0.211169130463255	9.30842285659442	1.29744523973117e-20	1.25728622040616e-18
FeatureCounts/Gao_TCVvsMock_WTvsWT.DESeq2_TCV_vs_Mock_in_WT.tsv:AT2G14610	3778.5241144957	3.82201479883897	0.426118067087621	8.96937983634726	2.98188578633608e-19	2.15481910141686e-16
FeatureCounts/Gyula_TuMVvsMock_WTvsWT.DESeq2_TuMV_vs_Mock-Tu_in_WT.tsv:AT2G14610	19756.039050351	4.76894564360246	0.633182707533747	7.53170544119494	5.00818361840128e-14	3.41724528876026e-12
FeatureCounts/Jiang_ArLV1vsMock_WTvsWT.DESeq2_ArLV1_vs_Mock_in_WT.tsv:AT2G14610	1.39761909570635	0.76053973488974	0.60093071232295	0.676888364056944	0.498476787367147	NA
FeatureCounts/Liu_CMVvsMock_WTvsWT.DESeq2_CMV_vs_Mock_in_WT.tsv:AT2G14610	8768.86701817548	8.16253534402841	0.210143014972843	38.842763082481	0	0
FeatureCounts/Chesnais_CaMVvsMock_WTvsWT.DESeq2_CaMV_vs_Mock_in_WT.tsv:AT3G57260	31528.9589744227	2.28565065113944	0.153862351216446	14.8551652374277	6.44089330519728e-50	1.0587218370418e-47
FeatureCounts/Chesnais_TuYVvsMock_WTvsWT.DESeq2_TuYV_vs_Mock_in_WT.tsv:AT3G57260	13999.1636455613	0.760353742020689	0.141990108967279	5.35497681881426	8.55673865510592e-08	8.06800060621535e-06
FeatureCounts/Clavel_TYMVvsMock_WTvsWT.DESeq2_TYMV_vs_Mock_in_WT.tsv:AT3G57260	230.184115313843	1.07135334614562	0.401874955912091	2.66588731242056	0.00767854262461152	0.0643038446135163
FeatureCounts/Gao_TCVvsMock_WTvsWT.DESeq2_TCV_vs_Mock_in_WT.tsv:AT3G57260	8517.28916150052	4.00136639521792	0.738113663524497	5.42107075502622	5.92431040329287e-08	1.67389846193513e-06
FeatureCounts/Gyula_TuMVvsMock_WTvsWT.DESeq2_TuMV_vs_Mock-Tu_in_WT.tsv:AT3G57260	16180.8004203563	2.37666565826138	0.377168245139733	6.30134081775861	2.95081734760459e-10	8.97729431521242e-09
FeatureCounts/Jiang_ArLV1vsMock_WTvsWT.DESeq2_ArLV1_vs_Mock_in_WT.tsv:AT3G57260	17.6335659073562	-0.557294373960267	0.82046004977927	-0.67924620352959	0.49698187644147	0.786815759600646
FeatureCounts/Liu_CMVvsMock_WTvsWT.DESeq2_CMV_vs_Mock_in_WT.tsv:AT3G57260	100011.638278845	9.31048070940929	0.252779366051384	36.8324395097845	5.5876925062268e-297	3.0525564161517e-293
FeatureCounts/Chesnais_CaMVvsMock_WTvsWT.DESeq2_CaMV_vs_Mock_in_WT.tsv:AT1G75040	7996.42013659961	1.41270386138507	0.244859972772166	5.76943567129912	7.95374323622406e-09	5.35057180202386e-08
FeatureCounts/Chesnais_TuYVvsMock_WTvsWT.DESeq2_TuYV_vs_Mock_in_WT.tsv:AT1G75040	4452.80705699879	0.144012629668456	0.150995950766307	0.953751600209073	0.340209393993337	0.672652785583196
FeatureCounts/Clavel_TYMVvsMock_WTvsWT.DESeq2_TYMV_vs_Mock_in_WT.tsv:AT1G75040	204.348156037564	0.846800382141503	0.203839963841244	4.15424123014961	3.26368725927899e-05	0.00062509210095367
FeatureCounts/Gao_TCVvsMock_WTvsWT.DESeq2_TCV_vs_Mock_in_WT.tsv:AT1G75040	2906.27450656754	1.63042759810678	0.261839625456897	6.22681763794066	4.76004626671871e-10	3.00298474397992e-08
FeatureCounts/Gyula_TuMVvsMock_WTvsWT.DESeq2_TuMV_vs_Mock-Tu_in_WT.tsv:AT1G75040	6831.36233727805	1.80545043730472	0.317150727825045	5.69272046035058	1.25030999840083e-08	2.69998691970137e-07
FeatureCounts/Jiang_ArLV1vsMock_WTvsWT.DESeq2_ArLV1_vs_Mock_in_WT.tsv:AT1G75040	398.496382572332	-0.420619875652945	0.369676516414142	-1.1378052350551	0.255201818511045	0.604181783290259
FeatureCounts/Liu_CMVvsMock_WTvsWT.DESeq2_CMV_vs_Mock_in_WT.tsv:AT1G75040	31845.4909911705	7.1776626901083	0.183461536850258	39.1235286335073	0	0
